,ProductName,IsBeta,RtpStateBitfield,IsSxsPassiveMode,DefaultBrowsersIdentifier,AVProductStatesIdentifier,AVProductsInstalled,AVProductsEnabled,HasTpm,CountryIdentifier,CityIdentifier,OrganizationIdentifier,GeoNameIdentifier,LocaleEnglishNameIdentifier,Platform,Processor,OsVer,OsBuild,OsSuite,OsPlatformSubRelease,OsBuildLab,SkuEdition,IsProtected,AutoSampleOptIn,SMode,IeVerIdentifier,SmartScreen,Firewall,UacLuaenable,Census_MDC2FormFactor,Census_DeviceFamily,Census_OEMNameIdentifier,Census_OEMModelIdentifier,Census_ProcessorCoreCount,Census_ProcessorManufacturerIdentifier,Census_ProcessorModelIdentifier,Census_PrimaryDiskTotalCapacity,Census_PrimaryDiskTypeName,Census_SystemVolumeTotalCapacity,Census_HasOpticalDiskDrive,Census_TotalPhysicalRAM,Census_ChassisTypeName,Census_InternalPrimaryDiagonalDisplaySizeInInches,Census_InternalPrimaryDisplayResolutionHorizontal,Census_InternalPrimaryDisplayResolutionVertical,Census_PowerPlatformRoleName,Census_InternalBatteryNumberOfCharges,Census_OSArchitecture,Census_OSBranch,Census_OSBuildNumber,Census_OSBuildRevision,Census_OSEdition,Census_OSSkuName,Census_OSInstallTypeName,Census_OSInstallLanguageIdentifier,Census_OSUILocaleIdentifier,Census_OSWUAutoUpdateOptionsName,Census_IsPortableOperatingSystem,Census_GenuineStateName,Census_ActivationChannel,Census_IsFlightingInternal,Census_IsFlightsDisabled,Census_FlightRing,Census_ThresholdOptIn,Census_FirmwareManufacturerIdentifier,Census_FirmwareVersionIdentifier,Census_IsSecureBootEnabled,Census_IsWIMBootEnabled,Census_IsVirtualDevice,Census_IsTouchEnabled,Census_IsPenCapable,Census_IsAlwaysOnAlwaysConnectedCapable,Wdft_IsGamer,Wdft_RegionIdentifier,HasDetections
ProductName,1.0,0.044155881765266525,0.005868218084779059,-0.013739741135123235,0.008028049890389998,-0.1499117161836214,-0.023411440817148924,0.045383555557677646,-0.935193735713767,-0.004045304322416494,0.007334635264899203,0.0001546367785237779,-0.0036453681081666965,-0.0008082652238561846,0.2919022278113108,0.07252296004963057,0.2955965872046682,-0.38057469204289546,-0.02761064902622461,0.058272098045524065,0.277735825334972,0.1172019746868832,0.009364078241439673,-0.0005563301079291055,-0.002265989414078564,0.48488872473645656,-0.08762649213377646,-0.008258471946641392,-0.0001272224971301688,-0.03452202654671249,-0.003891008361912252,0.01285220285471281,0.03681060725099039,-0.030569344725247794,-0.00863198007092822,0.00863595945682657,-6.097451465122514e-05,0.018539143491287203,-0.00964808411866966,-0.0044843207737718035,-0.030410929897939722,-0.0063007578620250596,0.008126655032145758,-0.031717961451696364,-0.021230285799073725,-0.004058108455258192,-0.009813799614688217,0.07209116373955646,0.036954700806884205,-0.21493773023399054,-0.01874785982154196,-0.03697676379305285,-0.03685463205188562,0.005576989711530365,0.016065222688792784,0.015697431598731673,0.008095665657354126,-0.0006461207748263649,-0.02259541882580388,-0.09331690908421152,-0.0004257984442733111,-0.00023187621503735717,-0.018073122874170726,0.00030681571968526884,-0.001519501909441077,-0.012395785808996234,-0.09348011816456026,-7.753370234345094e-05,-0.0043833462796490094,-0.03049144728687142,-0.017194241537691543,-0.02542912845081798,-0.06475899197367928,0.013555374381439408,-0.003202831646136412
IsBeta,0.044155881765266525,1.0,0.0001290839875273869,-5.057085131001949e-05,0.0006923044640828116,-0.003539844473459922,-0.0005975848203074275,0.0023699654913974227,-0.021834263335401404,0.0009158568609918966,-0.0003699167700997179,0.00019287063703690967,0.0013933715729944908,-0.001807093027773438,0.006579694308071938,0.0016848334977119007,0.006869722783581968,-0.008592971449759767,-0.0009086527014690062,0.0015452847756573659,0.006690799897239119,0.0022072314290642442,0.0002893375101645022,-1.473730638810205e-05,-5.5619983803871156e-05,0.011409893810293302,-0.0020695425168025267,0.00020527047314875332,-3.3672140341310275e-06,-0.0013142843192624873,-0.00011022666233534564,0.00023265591674244234,0.0001659310829911158,-0.0005462368525883199,-0.0004383020098982221,-0.00023072782961873267,-1.5706277861337866e-06,0.0013630713349374764,-3.9238241588049234e-05,-0.00033280161592455504,-0.0005520123853464628,2.994954125772992e-05,0.00043069766564435416,-0.0004030769872245714,0.00022672773167529574,-0.0004192855152533603,-0.0002628139494298163,0.0022534997131958305,0.001274907630123211,-0.0048094345907803634,-0.00046298920901674745,-0.0012580128888717984,-0.001286124784022282,9.009368617547285e-05,-0.0014575947568222414,-0.001481729284023386,0.0005766202437974728,-6.400548373427194e-05,-0.00048526841244315717,-0.002472717785162645,-1.3882434291382425e-05,-6.686904022480256e-06,0.0012928966455623234,0.014645144368222927,-0.0004959684501333097,-0.0008463182899419618,-0.0026648758642073295,-2.1894442156860604e-06,0.0002587180007930014,-0.0010383596589174451,-0.0005451871629047865,-0.0006688865996399958,-0.0012925874419640508,0.0007298718205587081,-3.9765878541388337e-05
RtpStateBitfield,0.005868218084779059,0.0001290839875273869,1.0,-0.8853026740530193,-0.0012505814914483128,0.1086334334708374,-0.1841617118772034,0.009698229476817304,-0.0057967140328721535,0.01202276134959318,-0.0012235259206092059,0.004982541415549421,0.016458438375374668,0.0077898590054281645,-0.012509263860343182,0.011519041842018235,-0.011717636968794045,-0.028179291054830077,-0.010743180561673903,0.03399105488367535,0.014452825229682975,-0.0017331689093344415,0.06092434203782126,-0.01458523436848132,0.00301747582749117,-0.024852426261505134,-0.03222567266467468,0.0075364055465646385,0.00018407124596558753,0.00980243861797952,-0.002985341992552752,0.0036635443836151825,0.0005162750952444145,-0.020642895395352388,0.001031197961249809,-0.008782193049683045,8.536802587923135e-05,0.009269651757175557,-0.019330626989186053,-0.008950968458284247,-0.02302402366805022,0.007882773001028688,-0.013106141136516269,-0.018664507369688815,-0.013038590631519879,0.012556840998025669,0.007665707018932152,0.01139461740249088,0.03290590377952458,-0.03455562062715958,0.024400049974732215,-0.008029940552723325,-0.010789655145924216,0.003351100598876194,-0.014425086403932452,-0.014121957615509597,-0.01941083907746785,1.546024383352752e-05,0.02207914559110837,-0.0019141641095078426,0.0005539124115587866,-1.2681747181625397e-05,0.0025352346792405357,7.192380078689134e-05,0.007858786220995041,0.0072636877047575115,-0.015516595691992575,8.306472148511899e-05,0.008226613847536198,0.009710854819274244,0.005180171365302935,0.020277660936525423,-0.022863343078134254,-0.003490638846315004,0.04148565043212694
IsSxsPassiveMode,-0.013739741135123235,-5.057085131001949e-05,-0.8853026740530193,1.0,-0.0012494952723276997,-0.11384069403136364,0.19493386694533665,0.025218861532663776,0.013812010407217802,-0.012522045878410566,0.0009817546493190597,-0.0046578001088897905,-0.016883659356150615,-0.012568295906392449,-0.023745692737438696,-0.01349261992882421,-0.021427610732210372,0.046631927399738114,0.016060512669499136,-0.04180646534556838,-0.023260605641644734,0.003354085422228193,-0.034698108067815835,-0.0007142351170066996,-0.0028471073015343905,-0.003245832618907859,0.031231323512673798,-0.0014434267814870984,-0.0001618677206071062,-0.008958167434867758,-0.005299416227622539,-0.005147482589157491,-0.001950308362439387,0.02527890501086004,0.002045560292743484,0.010652789661180955,-7.525863475860502e-05,-0.005597608479138456,0.016306904793291915,0.008593710898626624,0.026505916532194362,-0.008207400087238683,0.01099797485981129,0.024422927342355436,0.018176677954341587,-0.010161791433347852,-0.006166538639678617,-0.013541270132713147,-0.03901491111098557,0.0453707197923452,-0.024272632634574055,0.007004548430606605,0.009793718798822196,-0.0014852949238546081,0.011506791332617798,0.011022191027482468,0.018865855933566062,-0.0008944686466036851,-0.02577836255282328,0.013140744552603613,-0.00046356297451123445,-0.00042425389896218744,-0.0029500108287777477,-0.0005875190925407062,-0.00791589250199224,-0.007214440530894158,0.02006689184297368,-6.977721236501937e-05,-0.010290906670800456,-0.006183053766923779,-0.0014020270108627082,-0.01585208850049242,0.03068232841727913,0.0027897059906243364,-0.03506556619900546
DefaultBrowsersIdentifier,0.008028049890389998,0.0006923044640828116,-0.0012505814914483128,-0.0012494952723276997,1.0,-0.01743299457931518,0.03761587185212587,0.022898998695248324,-0.0084762095825961,-0.008996615547822521,0.0010949277779238363,-0.0024663403830271742,-0.011840490216913371,-0.009412304250997228,0.014369533473852187,0.008759393697820927,0.015412694202690404,-0.05396341094469258,0.008152467394095902,0.061137012547510326,0.06601684914033676,0.0055460103480462495,-0.050597822956974424,0.06833623846127643,-0.0008846770425110042,-0.013354143089203234,0.0056664962733446065,-0.002175773586862907,2.8915141842196856e-05,0.0020917384865730784,-0.0026109128014759377,-0.003008746199589005,0.001713958813623501,-0.009088548719413676,-0.0024173613629382027,-0.0038909503733168672,-4.184346250435033e-05,-0.004661644604452071,-0.004235669690230639,0.0020709873801315706,-0.012672484097802307,-0.0012621411826161137,-0.007478634860652802,-0.009884268778464851,-0.010467392942254015,0.0035876578414203155,-0.0021565980854753395,0.008657723013160857,0.0514210942108989,-0.056037383819512135,0.009781160791454519,0.01035596034625431,0.01357291153996942,0.014200089219991482,0.018705983133731976,0.018542123120263147,0.004852766371371035,-0.001087743925185043,-0.0022038580116198205,-0.0014031068960861496,-0.00021074602558366755,-0.00022927221125731544,0.0014831608189777368,0.00033044649728241005,0.006941023623859127,0.001798654800704803,0.006098756939891346,-4.586665982684394e-05,-0.0032415924349439673,-0.003292435349191547,-0.0045792955856747905,-0.0034912914705582314,-0.014191144757417683,-0.0022641821509824397,-0.0032170641765343452
AVProductStatesIdentifier,-0.1499117161836214,-0.003539844473459922,0.1086334334708374,-0.11384069403136364,-0.01743299457931518,1.0,-0.6328986888900956,-0.12205360589881868,0.140325369137508,0.006339302332090736,-0.001446150901235744,0.010395434720353338,0.018741947653500908,-0.08001824495075613,-0.015493862610189242,-0.009704880699433665,-0.015517367923096775,0.0013957098702614026,-0.05743506303951314,0.03666579737745114,0.00046155812697260196,-0.053609733031308456,-0.14450545601269837,-0.005372832913129903,0.008510439385740816,-0.07101469194558828,-0.03200440626188817,0.0014789365270796678,0.00024079335062390518,0.023706092710237655,0.0004214503869477649,0.015477367462693787,0.019446366067778362,0.05449536190985084,0.03022470616502785,0.021762342369534327,-0.00044423720127235436,0.06367972997213996,-0.09076283592964811,-0.048713328158018314,0.035523705431831504,0.03163591866821403,0.001392820336017916,0.0482857604910972,0.06127010986756325,0.014359195717138876,0.018605552127209404,-0.009605150369315339,0.03419896436790236,-0.021309045198901564,0.02458377651226007,-0.0004396608737636513,-0.006721681909387323,0.07230914065413263,0.018667106768633673,0.016888393549309797,-0.08972712365512484,0.0031408222352617555,0.06277620608542517,0.025241141062917326,0.0008004446105662107,0.0008818625868388865,0.03533785207223851,0.004306864166915276,-0.01411626667982749,-0.018864834160749546,-0.034235224010029375,0.0002583189754463427,0.029201534707327323,0.04098390143005397,0.03544823480533974,0.06394874966610177,-0.022420674329477436,-0.02010911500295835,0.11740389811169064
AVProductsInstalled,-0.023411440817148924,-0.0005975848203074275,-0.1841617118772034,0.19493386694533665,0.03761587185212587,-0.6328986888900956,1.0,0.2864295131146029,0.02556439327045749,-0.022441820343085166,0.004235461589534161,-0.014175865196487574,-0.048512970329329726,0.04141945456407157,-0.016463091058607125,-0.05266433599329432,-0.015368705310992886,0.004524789989044938,0.18116775536300203,0.023838665694937974,-0.00859433887885105,0.1093280794049343,-0.02595950930849155,0.004700713759010006,-0.012980164485841807,-0.029717919451057877,0.04570384811344481,-0.0018737090558433537,-0.00012030205816305426,0.01952707399785123,-0.0008124910014931362,-0.06437465924951731,-0.042028756142992355,-0.052408981760468945,-0.022447856940407095,-0.038741602619451705,4.1286713376519414e-05,-0.10859864339281482,0.14658142495863732,0.025339020706165612,-0.03592473455327325,-0.03004705482234724,-0.03897084529916462,-0.03716623889727167,-0.06973508772947103,0.005123463952640269,-0.019628484310908127,-0.05262897920552625,0.023027465737654403,-0.005399220154540957,-0.014249543052036288,0.08112531837727247,0.10413873204987538,-0.01411242286192852,0.0077854210684498125,0.0069053537569689315,0.13889014787484855,-0.007621162667093448,-0.12393596463393503,0.12526968862374735,-0.0013798395331274884,-0.0016481065185629622,-0.035216044110345276,-0.006216539575106794,0.05589166429206288,0.04241443978896104,0.2147450161122726,-0.0003927709012432206,-0.04585372221963928,-0.013319591260501347,-0.028524532560038975,-0.0707219974750421,0.016036317350563815,0.03373209337252077,-0.14962594074361288
AVProductsEnabled,0.045383555557677646,0.0023699654913974227,0.009698229476817304,0.025218861532663776,0.022898998695248324,-0.12205360589881868,0.2864295131146029,1.0,-0.04345121344277836,-0.01848657876585286,0.005327157301798742,-0.007440696421783735,-0.025408772406837168,-0.017688622116195905,0.14213127659798203,-0.013465812920798254,0.13079461834161193,-0.09068177003285129,0.032221169773477255,0.036497794717925865,0.04211088533058771,0.028764156941494916,0.08026577318532836,0.003189963433629199,-0.0027164047672959464,0.10725741701992594,0.01248958123232624,-0.0053152914180791405,-0.00015250408472527313,0.0020501442164340936,-0.0003040149695818339,-0.00530019909291107,0.0027443560331581415,-0.004397593569412519,-0.00498209995303752,-0.004477733404886306,-7.065674456757262e-05,-0.02365658333819146,0.01583715508649604,0.0018521101041168383,-0.005368011429058177,-0.008583987663290937,-0.0017093421906326093,-0.0006095417351062056,-0.00672299326966863,-0.007708875784806181,-0.008969630607600343,-0.013460746896404526,0.023084533232609932,-0.06935362366770903,0.017312833852441943,0.030846466633162893,0.038120352663292514,-0.00026947761624405693,0.03691970790029211,0.036376341412779414,0.021649240632675905,-0.001747392942030498,-0.022134379998161067,-0.005988913933774025,-0.0005492063033885471,-0.00038315571381329595,-0.002613521844698153,-0.0016975821799235914,0.01233632888735776,-0.0012764689554983677,0.03921978660551277,-8.703695242920107e-05,-0.010597850475773673,-0.0026160995515760936,-0.008302458536590967,-0.020091235727241873,-0.013307280680018645,0.005793802782189688,-0.041984620319515144
HasTpm,-0.935193735713767,-0.021834263335401404,-0.0057967140328721535,0.013812010407217802,-0.0084762095825961,0.140325369137508,0.02556439327045749,-0.04345121344277836,1.0,0.003808938317400719,-0.007577168133936022,1.543891466440614e-05,0.002661789795886205,0.0013912749022705962,-0.28801911338091823,-0.06634173677942144,-0.28459222687122254,0.36236779069014613,0.026627283563620416,-0.05774750363921994,-0.26595414404666967,-0.11274892120732252,-0.008684914935837777,0.0005933886124095643,0.002380337018748726,-0.4606926947946098,0.08431324838221316,0.006298315345457485,0.00013554239049488496,0.03016154783035717,-0.015069480689535971,-0.014680373662370233,-0.038040784913887536,0.025516145042961146,0.006375915580258556,-0.0108819569221351,6.4724455922898e-05,-0.017930064704180404,0.006988135726601139,0.004640118362763832,0.024994133707939552,0.0011160830910492618,-0.007949695674388522,0.029616975693461754,0.019869234264743994,0.0020588641369336377,0.010303351811359562,-0.06587797382584906,-0.03708272891520276,0.20481734212370117,0.01873273536152654,0.028357902137905275,0.02818519361432699,-0.00934256039553153,-0.015965002763050237,-0.015655613369800883,-0.009474999687805286,-0.05644596807949241,0.02010016597580187,0.09120863610908071,0.00044531098511821094,0.000260628069989806,0.01607940571179302,-0.00018011366730115596,-0.00047683732162991777,0.00891359996747893,0.08606927247744753,7.99898625913145e-05,0.0020800574735382895,0.02912919159530937,0.017395405851914604,0.026187537260368595,0.06342047868898648,-0.013442196444922054,0.005490073446709957
CountryIdentifier,-0.004045304322416494,0.0009158568609918966,0.01202276134959318,-0.012522045878410566,-0.008996615547822521,0.006339302332090736,-0.022441820343085166,-0.01848657876585286,0.003808938317400719,1.0,0.00020670489154129705,0.042499230651654285,0.5985111417133064,0.048607147535029496,-0.00020472415286101124,0.005878657130994589,0.002928826842882954,0.009918369421597769,-0.001770480774312945,-0.010266588284400779,-0.007083284641456191,0.0032462922452236825,-0.012549091751996574,-0.0011160173960175393,-0.0027184764139168978,0.005395476558159838,-0.006406812923778253,-0.011101858737783573,-0.00012597130226332172,-0.0034913677269107547,-0.0019605684329591336,-0.05190986641636912,-0.021399589213292478,0.010407808919483692,0.008369282898842194,0.011846782033326645,-0.00027161725249675434,-0.010047162066211273,-0.03596174561956111,0.007113546626836007,-0.008743648175183801,-0.00821977399791841,-0.00599203619450475,-0.009141783173491753,-0.01009351610718235,-9.959323729869687e-05,-0.007676671874698178,0.005972353322220797,-0.005788610397529799,0.010130904398167278,-0.0049261535353772945,-0.021100998465320323,-0.020471657252622687,-0.014738715811985686,0.10035406837148342,0.09533970476656263,-0.01553132583689369,-0.00047963436305872495,0.022585990180948617,0.0016895570208419438,0.000168357010865889,-0.0027430227858480888,-0.005569854767522903,-0.0014817718315073656,-0.02057568761473248,0.02122146147522114,-0.010057773218849346,0.00045083588601093694,-0.005752518269769311,0.004860200626781301,-0.010613347427640113,-0.005897783631537952,0.01737350633071506,-0.11765603313923373,0.00709889904090845
CityIdentifier,0.007334635264899203,-0.0003699167700997179,-0.0012235259206092059,0.0009817546493190597,0.0010949277779238363,-0.001446150901235744,0.004235461589534161,0.005327157301798742,-0.007577168133936022,0.00020670489154129705,1.0,-0.034658028602538304,-0.05927669501547246,0.02622463349461206,0.0037685812157649905,-0.009993597623499858,0.002416909871352463,0.010178217506538306,0.007587424950066764,-0.00893518569825288,-0.0033166059093772612,0.0065428504072888,0.01392625457468473,0.0009952208673396918,0.0015879647924749247,0.012669204971246177,-0.005289484801922131,0.0015369622434717458,-0.0006440423248026563,-0.017455659992645894,0.0018835575411241976,-0.0041845649934074535,0.011742671039702012,0.0011987805147778662,-0.01115280412265847,-0.007480674547323414,0.0003230951668475314,0.021372306061477064,-0.0015697651707284848,0.00463280688500565,0.013582349866294419,-0.009984009714943945,0.014190319840064181,0.024482946963511203,0.026280339421186943,-0.011695732809497903,-0.00185383895887459,-0.010024074471817876,-0.009834140009389996,0.013661615230155931,-0.017532333800912778,0.002705506727477548,0.0008567711059963637,0.011473533370578708,0.09097391825706558,0.0914375805374188,0.01335153229316419,0.001855603479704693,-0.023229993343967782,-0.008087561836044832,0.0014968427781699909,-0.0009168690916919741,-0.000671892025262238,0.0007650055810031248,-0.026282444420417304,0.015763837556987407,0.008821814980954686,8.397055720782732e-05,0.004531111418399,-0.011361124405445632,-0.0008632223128403289,0.0004158231589969596,0.0037587720086295234,-0.05874842447199593,-0.002282327609628562
OrganizationIdentifier,0.0001546367785237779,0.00019287063703690967,0.004982541415549421,-0.0046578001088897905,-0.0024663403830271742,0.010395434720353338,-0.014175865196487574,-0.007440696421783735,1.543891466440614e-05,0.042499230651654285,-0.034658028602538304,1.0,0.07018848122260404,0.0017608207717238198,0.0006672416200483258,-0.004626281201162609,0.0006473318907476699,-0.01431240990354522,-0.001966224843414334,0.014758557745402183,0.007702432525959856,0.01127347669928357,-0.010335373410694662,0.00011888064972815305,0.001079457691221918,-0.008142761119042854,-0.005736408692858185,0.0009420213723511302,0.00031106189884486384,0.01231546682183851,0.0014171836287325444,-0.015206263849978379,-0.004128532650804855,-0.0021826503396412,-0.007779644339097209,-0.01091622748342873,0.00015442684024744255,-0.010063293425600115,0.007097303283652522,-0.008948859856832192,-0.0005761703157335883,0.01148110129755001,-0.013845386056706223,-0.008935143235508366,-0.010202551914751426,0.013799604210336778,-0.0004645733537241658,-0.004610307201118947,0.013704194559354425,-0.01612656704030787,0.014772268907694718,0.0025190943782305163,0.0007208534602162001,0.011108099810377553,-0.1308549453667416,-0.12595493348796313,-0.009924251934284398,0.004531406999605166,0.004770568712525504,0.01007303759443013,0.0004050585325327267,-0.004163786609315437,0.0058238889790731534,0.00025509588416378645,0.01588406362112843,0.0076594113839122315,0.007199689074127468,,0.004805967867789976,0.010054483409788598,0.002779474931678534,0.0006830085365287616,-0.0021620725818232737,0.018027887018761898,0.003242722686297596
GeoNameIdentifier,-0.0036453681081666965,0.0013933715729944908,0.016458438375374668,-0.016883659356150615,-0.011840490216913371,0.018741947653500908,-0.048512970329329726,-0.025408772406837168,0.002661789795886205,0.5985111417133064,-0.05927669501547246,0.07018848122260404,1.0,-0.03769509734242684,0.00016402439163371772,0.007669221787940998,-0.001619763178736671,-0.015220834737955448,-0.05750317983513548,0.0033361300528195145,0.008029401237798973,-0.024599658235574712,-0.02146730392240733,-0.0006561597098908607,-0.0016937252653248613,-0.012211789078616454,0.007225785239644998,-0.02007101633258168,0.0006161307446073606,-0.003003536084502382,0.009933193500232907,-0.043568581398505835,-0.018607876703678864,0.0209553815107575,0.020958563212855594,0.028189536490900953,0.0005741988251855055,-0.015111279929489735,-0.047826894193430086,0.0069429831574200395,0.008074337762319113,-0.00237753242812139,-0.004745183592818465,-0.01729753852679484,-0.015325306824066003,0.011092052238972926,-0.011711415092320395,0.007661511870073091,0.0057427796742378166,-0.01936707746447656,0.03686836035659448,-0.06553450246768634,-0.07322586704249409,-0.044998234617617774,-0.12060844875774755,-0.12134499515142143,-0.02445531672336674,0.0029741856648958665,0.0742482039262718,-0.013068121801819007,0.0007106003171390289,0.0035858390077433975,0.010838208232856488,0.001188419747050262,-0.001290536501280893,0.00670052033635352,-0.06345542240781252,0.0006485297805916353,0.014807193721393183,0.022218342061349105,-0.0007880827717727273,-0.008550123645611111,-0.001074232433248115,-0.024232799870878837,0.0039751207813884006
LocaleEnglishNameIdentifier,-0.0008082652238561846,-0.001807093027773438,0.0077898590054281645,-0.012568295906392449,-0.009412304250997228,-0.08001824495075613,0.04141945456407157,-0.017688622116195905,0.0013912749022705962,0.048607147535029496,0.02622463349461206,0.0017608207717238198,-0.03769509734242684,1.0,0.015463835607540461,0.03750502345200826,0.021226778255385624,-0.0058361210669152595,0.06567968751311407,0.011889903876537584,-0.0029546707411557374,0.0323761592139504,0.007047321670041757,0.0009743549658250782,-0.009708669997728186,0.011245155798228504,0.04183175289906477,0.011994174776434705,-0.0007350904119704298,0.018019030986999997,-0.007880008839507522,0.02653888641229032,-0.039711280109145014,-0.11374451509176292,-0.0683602150774218,-0.0952405933448134,-0.00014045275652945738,-0.05943208260409205,0.12840715545728604,0.015397017933727239,-0.06879169976531443,-0.014954369308098889,-0.02296887439936424,-0.12719141547569962,-0.13488913309382916,-0.015549756992032598,0.00979641215342646,0.037541243552914036,0.01343234628464238,-0.0016265899407209555,-0.010925440110119635,0.04682711950239699,0.04315282971181999,0.03538157220887967,0.12033311682186625,0.1215775593080702,0.01188834247900715,-0.0034394923416595263,-0.04343116649614779,-0.034969913483966865,-0.0012742623679836528,-0.0018025657607872482,-0.025231747078716456,-0.00451389120528268,0.011187446298186429,0.018156667433651373,0.026371283256236288,-0.00038367149318077474,-0.023639541690314153,-0.05456306657386276,-0.06167356640627217,-0.03491353788485785,-0.004534874650660873,0.16168849312275071,0.01557463501603509
Platform,0.2919022278113108,0.006579694308071938,-0.012509263860343182,-0.023745692737438696,0.014369533473852187,-0.015493862610189242,-0.016463091058607125,0.14213127659798203,-0.28801911338091823,-0.00020472415286101124,0.0037685812157649905,0.0006672416200483258,0.00016402439163371772,0.015463835607540461,1.0,0.0021866890177698814,0.8587942308182502,-0.4965301230625026,0.01079182703848498,0.14658758928481136,0.29933520248037443,0.1096143110037541,-0.042055176511402316,0.003715737922363702,-0.0038691241342880367,0.770391311187109,0.047058755214980263,-0.03932941773552959,-0.00021822791628188604,0.07176277659236222,0.3571156865662632,0.022025725746902838,0.01998170640378996,0.005140098163601463,-0.01150915957909982,0.0003923766644440891,0.001150533699092379,-0.011510399356551378,0.02845470357464824,-0.005636537758497315,0.01755793741154796,0.03604067798796869,-0.004730442762772207,-0.035667450585206754,-0.03354343076019574,0.03930373601677669,-0.014277389299373194,0.003558464609851283,0.05085444923869645,-0.3052667071963151,-0.019862187546279796,0.13465995819837895,0.14305377978978692,0.005558433717257504,0.0176153171609254,0.017695960560879177,0.07220919517155486,-0.002108170547370523,-0.018802390530280894,-0.13986454475362917,-0.0008297096404693715,-0.0004603713531945344,-0.026984339682893564,0.00014096883250806338,0.02520491535310474,0.0012958000584271274,0.023498565140248534,-0.00013678039357004415,0.06160868724643453,-0.0013366059459344495,-0.012761401079001995,-0.023614740862899844,-0.10696982198292854,0.01471515020959818,-0.0034179192444652117
Processor,0.07252296004963057,0.0016848334977119007,0.011519041842018235,-0.01349261992882421,0.008759393697820927,-0.009704880699433665,-0.05266433599329432,-0.013465812920798254,-0.06634173677942144,0.005878657130994589,-0.009993597623499858,-0.004626281201162609,0.007669221787940998,0.03750502345200826,0.0021866890177698814,1.0,0.007975632617390241,-0.10022444492633449,-0.08897600749313164,0.06366375671053535,0.2116183117246188,-0.06255849216688723,-0.009690432580189924,-0.00018760674186140845,-0.0047917695384627895,-0.021556067890392907,0.015168118932986785,0.012439784628155526,-0.00013597772004235304,0.08364529951998013,-0.012655527660986784,0.07182084889576104,0.0626393466542134,-0.1496234071300473,0.014033650931149945,-0.015038814383582837,-0.00020073220226555184,0.18277201142547003,-0.2061330599880202,0.01618090965734753,-0.2076201945418514,0.02734789681384234,-0.07859911504838443,-0.16218344465318835,-0.09590191829485331,0.12643565461380568,0.08863537778302547,0.9894142417136995,0.10790039170366787,-0.10044000428176304,0.04874259287158109,-0.09100445963772748,-0.09320377729187464,0.02421322295322604,0.00461049380533366,0.0037693155128476438,0.0432947015297987,-0.002645784191294473,0.02511130427454095,-0.12122276487774443,0.0016320514434068052,-0.0008745566537431713,0.0030056265280960794,0.00040750835625691053,0.009157622300270358,-0.027189293341112312,-0.22516889445738417,0.0014326626111139497,-0.006176459269741696,0.07598144357151168,-0.024335031806617075,0.29787811780458684,-0.04711089018189062,0.0010748695363316865,-0.07339953138986738
OsVer,0.2955965872046682,0.006869722783581968,-0.011717636968794045,-0.021427610732210372,0.015412694202690404,-0.015517367923096775,-0.015368705310992886,0.13079461834161193,-0.28459222687122254,0.002928826842882954,0.002416909871352463,0.0006473318907476699,-0.001619763178736671,0.021226778255385624,0.8587942308182502,0.007975632617390241,1.0,-0.48330530359674867,0.028049726171371556,0.15019748558629412,0.25367063204870244,0.05187525165909609,-0.03898025540318929,0.0037163276891222213,-0.003551597439677046,0.7737579814564169,0.02034984922379343,-0.011229874398599723,-0.00020080546524891882,0.008059528663043505,-0.006218739448517846,0.010707179792611182,0.01607356997742379,-0.025733443314392004,-0.0155011000836501,-0.018073929917436723,0.001137716596467196,-0.03278831192427274,0.026421549692738404,-0.005714595386063037,-0.02780232319570775,-0.006092409816328849,-0.010070377359989172,-0.0345372395650517,-0.036666176461215415,0.00495705060248146,-0.012824397967174455,0.00927579646828732,0.05656227749242097,-0.2915808535957591,-0.02588300570788207,0.018422511761875714,0.02500271904610193,0.013752202339044504,0.02387137747797019,0.023661103199671244,0.00396139771188986,-0.0018514974484868626,-0.024298603301109462,-0.1469587122202549,-0.000801283773863336,-0.00041344674178167204,-0.02377211081878825,9.36779948221984e-05,0.018599970796768363,0.0031826072599517546,0.03325405191695614,-0.0001312925627239659,-0.010521039075512035,0.001347563246635837,-0.013725188757121259,-0.02029443756572336,-0.09549643033821945,0.014651560663880557,0.0011685831470867854
OsBuild,-0.38057469204289546,-0.008592971449759767,-0.028179291054830077,0.046631927399738114,-0.05396341094469258,0.0013957098702614026,0.004524789989044938,-0.09068177003285129,0.36236779069014613,0.009918369421597769,0.010178217506538306,-0.01431240990354522,-0.015220834737955448,-0.0058361210669152595,-0.4965301230625026,-0.10022444492633449,-0.48330530359674867,1.0,-0.03213318562558863,-0.7020233466357824,-0.5600293842158623,-0.13812221500009106,0.12350737619334375,-0.009050144242416857,0.013641962280060082,-0.1121304067032832,-0.09043969769985978,0.004500330565851606,-8.74343343562741e-05,-0.07146593223063163,-0.02443953085159258,0.008302913544213196,5.224318983546127e-05,0.1389337168755202,0.014054325032924813,0.0738402867021394,-0.00033093776754354246,-0.010682563665235354,0.07820694246776222,0.000955010397324064,0.15662872836914474,-0.013110348160134599,0.10774428468781586,0.15400968403825469,0.14398948976783688,-0.088332863012971,-0.019892504247298808,-0.1008351515215752,-0.5686136773639647,0.9378926475234829,-0.4932483098682117,-0.062282144293312566,-0.0761104015890895,-0.1306800415541438,0.016364614476113537,0.016621823149165323,0.0685911275301452,-0.008846310218785548,-0.06614962258992453,-0.012819632915570638,0.001887595348345846,0.0018856111476224856,-0.06650372880477942,0.007900077664465658,-0.06055358783522321,-0.01894105147040166,-0.0012456883281877441,0.000298292052464621,-0.0007983115779444858,-0.023457806473318403,0.03214752885473941,-0.061089913840562254,0.14208233140107118,-0.025044674555135857,0.02475426983962394
OsSuite,-0.02761064902622461,-0.0009086527014690062,-0.010743180561673903,0.016060512669499136,0.008152467394095902,-0.05743506303951314,0.18116775536300203,0.032221169773477255,0.026627283563620416,-0.001770480774312945,0.007587424950066764,-0.001966224843414334,-0.05750317983513548,0.06567968751311407,0.01079182703848498,-0.08897600749313164,0.028049726171371556,-0.03213318562558863,1.0,0.07757255700501246,0.008903052809000072,0.6381977399906863,-0.030155896187011793,0.00035174028912898526,-0.001050509378215067,-0.008298579371697236,0.011884853419105943,0.0640441939554922,-0.0006930667752573973,0.2000795555197307,-0.049822185204379414,-0.12549299959110005,-0.09384293554551552,-0.05900734050322491,-0.03614169695297626,-0.13643114671764087,0.0004578427727084071,-0.17711491886342814,0.2067261677333538,-0.04207117127348644,-0.09734847501042523,-0.012580124091735182,-0.15353149376678082,-0.07156806507494219,-0.13230491688320528,0.1401998197439083,0.05789490607768767,-0.0889503170363106,0.06727926733610155,-0.031385016791015484,-0.07068571644085629,0.34741101018594395,0.44309181286975674,0.1746966516817122,0.005153004655936942,0.005355118644084777,0.09215321268918378,-0.015062447449674476,-0.2712371449297313,0.1573285289011278,-0.0037032048103139165,-0.0024490374892070124,-0.05532188605402156,-0.01327639314167033,0.07783577208413953,0.13171307856806488,0.4586284836076822,0.00040995245698024444,-0.07504200075061186,0.09414712483678771,-0.05379360908445943,0.05781365629565432,-0.01716091063273933,0.036979892199375516,-0.020300700735364507
OsPlatformSubRelease,0.058272098045524065,0.0015452847756573659,0.03399105488367535,-0.04180646534556838,0.061137012547510326,0.03666579737745114,0.023838665694937974,0.036497794717925865,-0.05774750363921994,-0.010266588284400779,-0.00893518569825288,0.014758557745402183,0.0033361300528195145,0.011889903876537584,0.14658758928481136,0.06366375671053535,0.15019748558629412,-0.7020233466357824,0.07757255700501246,1.0,0.34463870888283055,0.0773594316212774,-0.12177846578893883,0.006478979686505894,-0.01661416000975359,-0.21710469549397307,0.038898266892531785,0.006974881485085895,0.000280733740553348,0.08374158824555453,-0.014233185820544099,-0.02927610701550936,-0.016913440241834925,-0.13427660207652892,-0.0152621315128326,-0.08075367739058031,-9.574024391561244e-05,-0.004934811307790864,-0.046991178469159595,-0.005973318554742072,-0.15427577812238177,0.023827887049842032,-0.12226078731258376,-0.1340325375133872,-0.13173046485822884,0.09793466951725088,0.0302653638264052,0.06401060317699914,0.8912090331811318,-0.7309290821460773,0.3104560717946301,0.050148790927265895,0.06422625647016593,0.16725818317804167,-0.015294437445108729,-0.015314198208599458,0.037537830285780026,0.010292183894530552,0.045112913802564845,0.06392586056145175,0.0020712073338647282,-0.0023235777836174373,0.0975074079921901,0.013917420317007179,0.06797863126327078,0.03640488057388581,0.06372943514773925,-9.935035411465213e-05,-0.006313964886160145,0.03361586763445614,-0.017224773943785226,0.06757117875432982,-0.10818783516550262,0.02254412668808217,-0.02973259569852345
OsBuildLab,0.277735825334972,0.006690799897239119,0.014452825229682975,-0.023260605641644734,0.06601684914033676,0.00046155812697260196,-0.00859433887885105,0.04211088533058771,-0.26595414404666967,-0.007083284641456191,-0.0033166059093772612,0.007702432525959856,0.008029401237798973,-0.0029546707411557374,0.29933520248037443,0.2116183117246188,0.25367063204870244,-0.5600293842158623,0.008903052809000072,0.34463870888283055,1.0,0.11348295626360728,-0.10843025869238998,0.0042504643646707465,-0.007171944455231899,0.06813014788713621,0.06427390320205487,-0.01103244571562894,0.00011620631225599376,0.08950139762461122,0.13177194410363416,0.01495268127820251,0.015050965701407492,-0.08581673748884532,-0.003238853753834744,-0.043398771947537114,-0.00013856929523761548,0.05367844277386679,-0.08665379087538297,-0.0014343119117365838,-0.10170321030721319,0.03205175007811036,-0.07146794349945794,-0.1068187330850881,-0.08728257906572563,0.08798723417877712,0.0286321986939684,0.20716809232507194,0.2839980806125334,-0.5238710192497319,0.2140823388844753,0.057983850266888154,0.07011482379533555,0.07981546996101534,-0.0027701869211072864,-0.00364060999911013,-0.0052657723570805675,0.0019174311194799668,0.01769129731986189,-0.017852753018974793,0.00346400661913295,-0.0012090887789227745,0.1475372905651384,0.027361586621670014,0.03426303551625156,0.003867144057421516,-0.030598182470474578,-0.00016858860760157816,0.026046281981132825,0.042845589069917436,-0.011883538481009976,0.10235055841703565,-0.0966131517738358,0.017979907505325406,-0.038641048079624554
SkuEdition,0.1172019746868832,0.0022072314290642442,-0.0017331689093344415,0.003354085422228193,0.0055460103480462495,-0.053609733031308456,0.1093280794049343,0.028764156941494916,-0.11274892120732252,0.0032462922452236825,0.0065428504072888,0.01127347669928357,-0.024599658235574712,0.0323761592139504,0.1096143110037541,-0.06255849216688723,0.05187525165909609,-0.13812221500009106,0.6381977399906863,0.0773594316212774,0.11348295626360728,1.0,-0.021721941300313345,0.0017594574788451745,-0.002741986923810069,0.01421008051096787,0.016330911935270993,0.02734514152696574,-0.0006391986116649163,0.15608031935442665,0.1580482201624047,-0.07325950022205066,-0.06551745488052516,-0.02600860511482191,-0.027209242936722455,-0.08596276750320565,0.00028357049888157274,-0.09847769003926563,0.11863049495851381,-0.02619218486617664,-0.04496517287632472,0.008453304371491631,-0.09691138598198692,-0.05108417518143532,-0.09049522326618399,0.09835933160042683,0.035192082909996564,-0.06279186186964837,0.06595856699513167,-0.12226067450850273,0.10455008016712233,0.6553077098061557,0.7181515025998786,0.08538470854520283,0.0008261296593956519,0.002058697164126169,0.059759069365211664,-0.010693115266668293,-0.15761984475298974,0.14938600505624872,-0.0031653839775478403,-0.00213506535676687,-0.0013851660437814743,-0.01110117924211702,0.050023084124342886,0.0866416605695423,0.2746285347429126,0.0002551837644301299,0.012683144731065516,0.051846399712345365,-0.043218640224943414,0.025401955835652055,-0.008458055011568887,0.01443359171505528,-0.016202443128207483
IsProtected,0.009364078241439673,0.0002893375101645022,0.06092434203782126,-0.034698108067815835,-0.050597822956974424,-0.14450545601269837,-0.02595950930849155,0.08026577318532836,-0.008684914935837777,-0.012549091751996574,0.01392625457468473,-0.010335373410694662,-0.02146730392240733,0.007047321670041757,-0.042055176511402316,-0.009690432580189924,-0.03898025540318929,0.12350737619334375,-0.030155896187011793,-0.12177846578893883,-0.10843025869238998,-0.021721941300313345,1.0,-0.002023678132056477,0.0035583792382622155,0.040169066547067395,-0.032906612936047255,0.0065610151884566105,-0.00041855329960946257,-0.021144350616833552,-0.0014517162443807973,0.021552207623931695,0.01646100348130952,0.04802594860754071,0.0015209229245602815,0.025141252903368185,0.00013784621028721847,0.048011956974227644,-0.0037191573325725804,-0.008684499915509038,0.05579259644920822,0.000626225070543363,0.04638510182513602,0.05669077629038764,0.0624896918184916,-0.0312008995683584,-0.001070184477432625,-0.009804858158265676,-0.11694479297152281,0.13190079363837376,-0.05872397661899677,-0.02976235801052835,-0.031675526713838414,-0.028855885038842,0.047674803045287706,0.04928363495152526,0.01119749305166203,0.0027821551577020313,-0.01023113366624693,-0.029736247852625786,0.0010119245759637146,0.00043994528679879453,-0.01861780702553478,0.0017547939210053802,-0.04087258706145413,-0.014844842029328979,-0.03764503683180707,0.000152541727171239,0.01087844905954604,-0.0015692218374710487,0.01197561668633236,0.005221245750612733,0.037248019624840735,0.005259086123588431,0.057045035868801885
